lat_north= 42.354484651067445
lat_south= 42.351440029174164
lon_east= -71.1090087890625
lon_west= -71.11587524414062
datum_lat = 42.3537
datum_lon = -71.1134
