lat_north= -33.71520164474085
lat_south= -33.72890830547334
lon_east= 150.6829833984375
lon_west= 150.6610107421875
datum_lat = -33.7228
datum_lon = 150.6740
